2010
	
310,232,863
2009
	
307,006,550
2008
	
304,374,846
2007
	
301,579,895
2006
	
298,593,212
2005
	
295,753,151
2004
	
293,045,739
2003
	
290,326,418
2002
	
287,803,914
2001
	
285,081,556
2000
	
282,171,957
1999
	
272,690,813
1998
	
270,298,524
1997
	
267,743,595
1996
	
265,189,794
1995
	
262,764,948
1994
	
260,289,237
1993
	
257,746,103
1992
	
254,994,517
1991
	
252,127,402
1990
	
249,438,712
1989
	
246,819,230
1988
	
244,498,982
1987
	
242,288,918
1986
	
240,132,887
1985
	
237,923,795
1984
	
235,824,902
1983
	
233,791,994
1982
	
231,664,458
1981
	
229,465,714
1980
	
227,224,681
1979
	
225,055,487
1978
	
222,584,545
1977
	
220,239,425
1976
	
218,035,164
1975
	
215,973,199
1974
	
213,853,928
1973
	
211,908,788
1972
	
209,896,021
1971
	
207,660,677
1970
	
205,052,174
1969
	
202,676,946
1968
	
200,706,052
1967
	
198,712,056
1966
	
196,560,338
1965
	
194,302,963
1964
	
191,888,791
1963
	
189,241,798
1962
	
186,537,737
1961
	
183,691,481
1960
	
180,671,158
1959
	
177,829,628
1958
	
174,881,904
1957
	
171,984,130
1956
	
168,903,031
1955
	
165,931,202
1954
	
163,025,854
1953
	
160,184,192
1952
	
157,552,740
1951
	
154,877,889
1950
	
152,271,417
1949
	
149,188,130
1948
	
146,631,302
1947
	
144,126,071
1946
	
141,388,566
1945
	
139,928,165
1944
	
138,397,345
1943
	
136,739,353
1942
	
134,859,553
1941
	
133,402,471
1940
	
132,122,446
1939
	
130,879,718
1938
	
129,824,939
1937
	
128,824,829
1936
	
128,053,180
1935
	
127,250,232
1934
	
126,373,773
1933
	
125,578,763
1932
	
124,840,471
1931
	
124,039,648
1930
	
123,076,741
1929
	
121,767,000
1928
	
120,509,000
1927
	
119,035,000
1926
	
117,397,000
1925
	
115,829,000
1924
	
114,109,000
1923
	
111,947,000
1922
	
110,049,000
1921
	
108,538,000
1920
	
106,461,000
1919
	
104,514,000
1918
	
103,208,000
1917
	
103,268,000
1916
	
101,961,000
1915
	
100,546,000
1914
	
99,111,000
1913
	
97,225,000
1912
	
95,335,000
1911
	
93,863,000
1910
	
92,407,000
1909
	
90,490,000
1908
	
88,710,000
1907
	
87,008,000
1906
	
85,450,000
1905
	
83,822,000
1904
	
82,166,000
1903
	
80,632,000
1902
	
79,163,000
1901
	
77,584,000
1900
	
76,094,000
1899
	
74,668,165
1898
	
73,269,047
1897
	
71,896,145
1896
	
70,548,968
1895
	
69,227,035
1894
	
67,929,871
1893
	
66,657,014
1892
	
65,408,007
1891
	
64,182,404
1890
	
62,979,766
1889
	
61,566,147
1888
	
60,184,258
1887
	
58,833,385
1886
	
57,512,834
1885
	
56,221,923
1884
	
54,959,988
1883
	
53,726,378
1882
	
52,520,456
1881
	
51,341,603
1880
	
50,189,209
1879
	
48,883,375
1878
	
47,611,517
1877
	
46,372,750
1876
	
45,166,214
1875
	
43,991,069
1874
	
42,846,500
1873
	
41,731,710
1872
	
40,645,925
1871
	
39,588,390
1870
	
38,558,371
1869
	
37,779,799
1868
	
37,016,949
1867
	
36,269,502
1866
	
35,537,148
1865
	
34,819,581
1864
	
34,116,504
1863
	
33,427,622
1862
	
32,752,651
1861
	
32,091,309
1860
	
31,443,321
1859
	
30,500,654
1858
	
29,586,249
1857
	
28,699,257
1856
	
27,838,857
1855
	
27,004,251
1854
	
26,194,668
1853
	
25,409,355
1852
	
24,647,586
1851
	
23,908,654
1850
	
23,191,876
1849
	
22,491,802
1848
	
21,812,861
1847
	
21,154,414
1846
	
20,515,843
1845
	
19,896,549
1844
	
19,295,948
1843
	
18,713,477
1842
	
18,148,589
1841
	
17,600,752
1840
	
17,069,453
1839
	
16,593,655
1838
	
16,131,120
1837
	
15,681,478
1836
	
15,244,369
1835
	
14,819,444
1834
	
14,406,364
1833
	
14,004,798
1832
	
13,614,425
1831
	
13,234,933
1830
	
12,866,020
1829
	
12,499,727
1828
	
12,143,863
1827
	
11,798,130
1826
	
11,462,239
1825
	
11,135,912
1824
	
10,818,875
1823
	
10,510,864
1822
	
10,211,622
1821
	
9,920,899
1820
	
9,638,453
1819
	
9,366,552
1818
	
9,102,321
1817
	
8,845,544
1816
	
8,596,011
1815
	
8,353,517
1814
	
8,117,864
1813
	
7,888,859
1812
	
7,666,314
1811

7,450,047
1810
	
7,239,881
1809
	
7,018,678
1808
	
6,804,234
1807
	
6,596,341
1806
	
6,394,801
1805
	
6,199,418
1804
	
6,010,005
1803
	
5,826,379
1802
	
5,648,363
1801
	
5,475,787
1800
	
5,308,483
1799
	
5,151,147
1798
	
4,998,475
1797
	
4,850,327
1796
	
4,706,570
1795
	
4,567,074
1794
	
4,431,713
1793
	
4,300,363
1792
	
4,172,906
1791
	
4,049,227
1790
	
3,929,214
1789
	
3,804,342
1788
	
3,683,439
1787
	
3,566,378
1786
	
3,453,037
1785
	
3,343,298
1784
	
3,237,047
1783
	
3,134,172
1782
	
3,034,567
1781
	
2,938,127
1780
	
2,844,752
1779
	
2,754,345
1778
	
2,666,811
1777
	
2,582,059
1776
	
2,500,000
